
            Tabela verdade da ULA:
+-----+-----+-----+-----+-----+-------+
|  M  | S1  | S0  |  A  |  B  |  F    |
+-----+-----+-----+-----+-----+-------+
|  1  |  0  |  0  |  0  |  0  |   0   |
|  1  |  0  |  0  |  0  |  1  |   0   |
|  1  |  0  |  0  |  1  |  0  |   0   |
|  1  |  0  |  0  |  1  |  1  |   1   |
+-----+-----+-----+-----+-----+-------+
|  1  |  0  |  1  |  0  |  0  |   0   |
|  1  |  0  |  1  |  0  |  1  |   1   |
|  1  |  0  |  1  |  1  |  0  |   1   |
|  1  |  0  |  1  |  1  |  1  |   1   |
+-----+-----+-----+-----+-----+-------+
|  1  |  1  |  0  |  0  |  0  |   0   |
|  1  |  1  |  0  |  0  |  1  |   1   |
|  1  |  1  |  0  |  1  |  0  |   1   |
|  1  |  1  |  0  |  1  |  1  |   0   |
+-----+-----+-----+-----+-----+-------+
|  1  |  1  |  1  |  0  |  0  |   1   |
|  1  |  1  |  1  |  0  |  1  |   0   |
|  1  |  1  |  1  |  1  |  0  |   0   |
|  1  |  1  |  1  |  1  |  1  |   1   |
+-----+-----+-----+-----+-----+-------+
Cada conjunto de 4 linhas representam uma operação. 
1 - 4: AND;
5 - 8: OR;
9 - 12: XOR;
13 - 16: XNOR.
